2020/03/08 23:53:59.888317 /home/evan/MyWorks/chimney-go/socks5server/server.go:459:


[65 76 223 15 250 207 8 75 206 38 9 82 120 114 8 221 190 68 207 137 146 160 140 83 189 205 20 166 150 136 48 56]
[103 24 23 134 160 172 176 18 169 86 102 35 142 236 137 51 210 42 6 201 63 221 196 25 150 167 118 88 244 71 0 190] 

   [65 76 223 15 250 207 8 75 206 38 9 82 120 114 8 221 190 68 207 137 146 160 140 83 189 205 20 166 150 136 48 56]
    [180 47 25 169 235 224 247 192 99 58 57 113 158 15 81 51 120 222 42 144 3 105 84 84 193 224 4 88 248 123 154 56] 
    [180 47 25 169 235 224 247 192 99 58 57 113 158 15 81 51 120 222 42 144 3 105 84 84 193 224 4 88 248 123 154 56]



2020/03/08 23:53:59.888370 /home/evan/MyWorks/chimney-go/socks5server/server.go:462: user and pass length  32 [13 76 214 161 50 239 177 111 20 205 155 131 176 195 195 202 96 139 125 94 173 108 148 48 174 233 165 141 226 206 245 186] [127 56 66 233 69 122 252 19 237 99 106 183 87 217 221 203 60 153 140 152 139 124 242 105 98 206 187 23 70 165 59 141] 127
2020/03/08 23:53:59.888390 /home/evan/MyWorks/chimney-go/socks5server/server.go:428: verify user and pass result user and pass length error
2020/03/08 23:53:59.888445 /home/evan/MyWorks/chimney-go/socks5server/server.go:111: echo hello say:  user and pass length error
